0.055557035	0.056042716	0.05620537
0.098504394	0.10017954	0.10063385
0.13481244	0.13550587	0.13453119
0.16043939	0.16186963	0.16148917
0.18150312	0.18599011	0.18259984
0.1974756	0.19995582	0.19981825
0.21115446	0.2157374	0.2130574
0.22144006	0.22612363	0.22462143
0.22921689	0.23274514	0.23249543
0.2358841	0.23897785	0.2392265
0.24180983	0.24376233	0.2429092
0.24628834	0.24926135	0.24446279
0.24763024	0.25371158	0.24819946
0.24969843	0.2519123	0.25120035
0.25199327	0.25204936	0.2505536
0.25328472	0.25263795	0.2521098
0.25264302	0.25171643	0.2532178
0.2549569	0.25188723	0.251372
0.2545689	0.25026906	0.25177592
0.25468624	0.2493197	0.25131005
0.2536915	0.24957739	0.24853918
0.2538568	0.24706979	0.24554506
0.2540556	0.24545228	0.24089831
0.25190717	0.24332806	0.23961405
0.24952455	0.24343276	0.23934302
0.24978496	0.2418434	0.2392466
0.24689245	0.23965251	0.24108574
0.24618764	0.23960288	0.23889638
0.24456894	0.23834856	0.23670635
0.24083494	0.23786427	0.23548295
0.23913613	0.23761186	0.23236233
0.23962063	0.23639445	0.23172228
0.23572968	0.23515354	0.23154892
0.23388022	0.2333186	0.23006105
0.23429817	0.23316416	0.22845662
0.23146118	0.23081562	0.22705726
0.23255366	0.22865883	0.22456603
0.22975741	0.2254062	0.22502232
0.22809134	0.22487661	0.2241893
0.22490856	0.2242684	0.22247155
0.22107312	0.22398166	0.22268651
0.21923779	0.22421621	0.2214956
0.21711808	0.22220026	0.22041567
0.21647893	0.22034438	0.218033
0.2151043	0.21808444	0.21802726
0.21413796	0.21714045	0.21610512
0.21281433	0.21753378	0.21411642
0.21092111	0.2166934	0.21182746
0.20755538	0.21592407	0.21190341
0.20625669	0.21634203	0.21036567
0.20411073	0.21415894	0.21001643
0.20214404	0.2144496	0.20956811
0.20098189	0.21369132	0.20898297
0.2013059	0.21273561	0.20730492
0.20088474	0.2101123	0.20551234
0.19908646	0.20790175	0.20536982
0.19937539	0.2076223	0.20264536
0.19969995	0.20764682	0.20100011
0.19838382	0.20524797	0.20061192
0.19636838	0.2052204	0.20005332
0.19755399	0.20391813	0.19869342
0.19521964	0.20284863	0.19933866
0.19138034	0.20172441	0.19920875
0.19018912	0.20020041	0.19747497
0.18938605	0.19853744	0.19714867
0.18919052	0.19726063	0.19471952
0.18896964	0.19647616	0.19384317
0.1883378	0.19480278	0.19226228
0.18691099	0.19436234	0.19230336
0.18809946	0.19194934	0.192583
0.18826902	0.19127879	0.18965532
0.18816486	0.18934758	0.18972029
0.18837807	0.18868835	0.1895615
0.18811743	0.18732253	0.19013976
0.18739308	0.18724948	0.1881375
0.18772916	0.18527512	0.1870521
0.18809249	0.1858473	0.18716381
0.18756211	0.1846346	0.18670824
0.18711616	0.18391621	0.18595903
0.18678448	0.18494593	0.18339892
0.18637812	0.1834307	0.18453814
0.18647043	0.18360145	0.18402338
0.18648784	0.18294524	0.18240973
0.18680324	0.18094769	0.18152827
0.18499166	0.1805444	0.18092169
0.18495372	0.17999418	0.18057086
0.18387966	0.1818672	0.18024066
0.18427739	0.18188915	0.18082258
0.18300767	0.1802683	0.18077792
0.18387814	0.17961282	0.1801552
0.183391	0.17994374	0.18043728
0.18360095	0.17905647	0.17989549
0.18285722	0.18010136	0.17915143
0.18181726	0.18013515	0.17690718
0.1819039	0.1794409	0.1758061
0.1818075	0.17980391	0.17529903
0.18130556	0.17989899	0.17620061
0.18107316	0.17891242	0.17633481
0.17936121	0.17855181	0.17664765
0.17785372	0.17757075	0.17620389
0.17922983	0.17728458	0.17452928
0.17678773	0.17601308	0.1750306
0.1768774	0.17485937	0.17645673
0.17757238	0.17362325	0.17552282
0.17774937	0.17176506	0.17570285
0.17846426	0.1712791	0.17473598
0.1760075	0.17200734	0.17375006
0.1751818	0.17497079	0.17220189
0.17563117	0.17451604	0.17004816
0.17433932	0.17525779	0.1699485
0.17455968	0.1750314	0.1703095
0.17387618	0.17279385	0.17208886
0.17263146	0.17233823	0.17083098
0.17304833	0.17158332	0.17225467
0.1733186	0.17104916	0.17253609
0.17371617	0.16924211	0.17314665
0.17534935	0.16934295	0.17341638
0.17541729	0.17025623	0.17340644
0.17612387	0.16915332	0.17356446
0.17511052	0.16876997	0.17329614
0.17366005	0.1677193	0.17435594
0.17309052	0.16741572	0.1759977
0.1739261	0.16728868	0.1754521
0.17394334	0.16900352	0.1754944
0.17262748	0.17091757	0.17443322
0.17183216	0.17131379	0.17274986
0.17000993	0.17087916	0.17228405
0.16956079	0.17106415	0.17265049
0.1709476	0.17071235	0.1731178
0.1706532	0.16974008	0.17255875
0.17178637	0.1690333	0.17095135
0.17141713	0.16807684	0.17131214
0.1718982	0.16914706	0.1699674
0.17247798	0.16809817	0.16907124
0.17282236	0.16853078	0.16884907
0.17439562	0.16766499	0.16889761
0.17431685	0.16692944	0.17141813
0.17575857	0.16606276	0.17127438
0.17415777	0.16606592	0.1715184
0.17382522	0.16469474	0.17140779
0.173818	0.16399486	0.17104585
0.17264013	0.16321652	0.1720308
0.1731791	0.16321333	0.17140923
0.17322336	0.16505371	0.17225043
0.17187312	0.16514733	0.17391652
0.17053142	0.1635622	0.17424507
0.16959639	0.16531537	0.17375192
0.17081776	0.16668856	0.1728255
0.17082782	0.16804858	0.17184754
0.17091951	0.1685425	0.17029883
0.16928732	0.16842163	0.17009507
0.16866408	0.16798358	0.17035325
0.17031406	0.16783953	0.1694606
0.17048538	0.16724639	0.16905726
0.17160814	0.16760018	0.16792157
0.17103477	0.16787522	0.16863586
0.17113246	0.16792007	0.168081
0.17177531	0.16650443	0.16807105
0.16988422	0.16731767	0.16811508
0.16833869	0.16603476	0.16850378
0.16692418	0.16581096	0.1681698
0.16951573	0.16360363	0.16876492
0.16854677	0.16402493	0.16796997
0.16936181	0.16337082	0.16721977
0.16791785	0.16284655	0.16856718
0.16756856	0.1626474	0.16864431
0.16691428	0.16419484	0.16879697
0.16755527	0.16621974	0.16866913
0.16747038	0.16577366	0.16825107
0.16723803	0.16743183	0.16660461
0.16746245	0.16720739	0.16710752
0.16789223	0.16653255	0.1676147
0.16937616	0.16541661	0.16892844
0.16887203	0.16603273	0.16799805
0.17028105	0.16713408	0.16756618
0.16983093	0.16685744	0.16756107
0.16998704	0.16730942	0.16665453
0.16969353	0.16864464	0.16745971
0.17085296	0.16900454	0.16604358
0.17054306	0.16758484	0.16623817
0.16970883	0.16826577	0.16778564
0.1691669	0.1692619	0.16887389
0.16928557	0.16936584	0.16781384
0.16987298	0.1707675	0.16735625
0.16999197	0.16976339	0.16892612
0.16880064	0.16806488	0.16991736
0.16999996	0.16687426	0.17044039
0.17027083	0.16699146	0.1694818
0.171662	0.16580886	0.16817337
0.1719206	0.1651493	0.16845793
0.17184344	0.16552769	0.16795008
0.17125036	0.16383937	0.17080937
0.17133845	0.16467836	0.17001404
0.17027605	0.16580518	0.1703039
0.16978765	0.16623467	0.16970718
0.17053089	0.16473432	0.16837268
0.1702534	0.16707666	0.16839945
0.17065136	0.16675256	0.1696115
0.1702983	0.1674081	0.16817947
0.17011671	0.16739021	0.16937768
0.16961628	0.16690712	0.16944946
0.16852918	0.1655769	0.17066117
0.16729993	0.16670136	0.17021723
0.16680014	0.16858304	0.16976322
0.16774201	0.16828793	0.16978428
0.16671214	0.16752577	0.1680003
0.16568142	0.16860278	0.16744699
0.1646682	0.16817768	0.1690745
0.16588128	0.16716272	0.16917661
0.16514602	0.16844003	0.16807827
0.16634586	0.16777572	0.16759911
0.1671163	0.16759868	0.16564794
0.16662674	0.16846858	0.16621564
0.16728477	0.16875322	0.1659865
0.16698399	0.1678097	0.16542052
0.16675338	0.16702437	0.1653908
0.16654457	0.16781077	0.16598421
0.16541229	0.16668825	0.16721672
0.16366674	0.16655083	0.16947392
0.16391668	0.16645326	0.16936156
0.1659039	0.16576782	0.16851738
0.16489094	0.16612613	0.16882253
0.16551085	0.16599254	0.16827306
0.16514502	0.16675434	0.16892427
0.16581592	0.16636747	0.16967978
0.1663419	0.16367057	0.16892283
0.16523367	0.16518252	0.16946816
0.16539434	0.16602717	0.16871768
0.16567059	0.16692589	0.16929944
0.1663635	0.16660263	0.16808498
0.16866407	0.16746013	0.16885552
0.16699842	0.16849141	0.1667188
0.1663109	0.16891037	0.1668354
0.16593784	0.16778694	0.1680568
0.16740963	0.1674052	0.16667429
0.1680275	0.16852726	0.16699469
0.1689657	0.16769724	0.16699484
0.16834626	0.16853583	0.167927
0.16887687	0.16823323	0.16702995
0.16816476	0.16698714	0.16900177
0.16844817	0.1680525	0.16857453
0.16921397	0.16697751	0.16925356
0.17160358	0.16654207	0.16717243
0.17159781	0.16515017	0.16822378
0.17125838	0.16417138	0.16806395
0.17112343	0.16480936	0.16765068
0.17059326	0.16526072	0.1681601
0.1707504	0.16553286	0.16820513
0.16955672	0.16381124	0.1686127
0.1695355	0.16473404	0.16843219
