1.5961717e-07	1.6921908e-07	1.595312e-07
3.0196168e-07	3.3599036e-07	3.4102283e-07
4.586718e-07	5.094146e-07	5.0188976e-07
6.105489e-07	6.960207e-07	6.7847833e-07
7.838669e-07	8.527922e-07	8.3967825e-07
9.3058827e-07	1.0079409e-06	9.584784e-07
1.1067958e-06	1.1732758e-06	1.123778e-06
1.3167314e-06	1.3304129e-06	1.2565972e-06
1.4829415e-06	1.4446919e-06	1.3790337e-06
1.6174175e-06	1.6565159e-06	1.5315784e-06
1.8299238e-06	1.7917504e-06	1.674499e-06
1.995164e-06	1.9957538e-06	1.8137989e-06
2.150836e-06	2.0930506e-06	1.989192e-06
2.3330533e-06	2.3000903e-06	2.2069937e-06
2.4849253e-06	2.4544333e-06	2.3566672e-06
2.6202404e-06	2.5924305e-06	2.5496104e-06
2.8172667e-06	2.7550593e-06	2.6923544e-06
2.9516784e-06	2.9077944e-06	2.866171e-06
3.119274e-06	3.070623e-06	2.980232e-06
3.3538395e-06	3.247678e-06	3.1916259e-06
3.538332e-06	3.4133482e-06	3.3876413e-06
3.7086108e-06	3.5474377e-06	3.4609843e-06
3.835306e-06	3.764152e-06	3.5825433e-06
4.0398504e-06	3.944287e-06	3.776375e-06
4.179279e-06	4.0876107e-06	3.9017496e-06
4.3742334e-06	4.197342e-06	3.961975e-06
4.5261636e-06	4.3531863e-06	4.1137414e-06
4.7550297e-06	4.5385646e-06	4.241626e-06
4.990086e-06	4.651489e-06	4.359672e-06
5.102391e-06	4.8452453e-06	4.482085e-06
5.339856e-06	5.0013077e-06	4.692161e-06
5.472455e-06	5.178437e-06	4.895376e-06
5.649219e-06	5.401347e-06	5.0392528e-06
5.8195137e-06	5.6104363e-06	5.184656e-06
5.948487e-06	5.6847102e-06	5.34793e-06
6.0902203e-06	5.8213996e-06	5.518546e-06
6.231058e-06	5.9854087e-06	5.7261655e-06
6.423496e-06	6.047519e-06	5.8479254e-06
6.655376e-06	6.2467766e-06	5.982257e-06
6.813543e-06	6.4819496e-06	6.107989e-06
6.9253756e-06	6.665957e-06	6.3459947e-06
7.052599e-06	6.8552854e-06	6.5033823e-06
7.1164536e-06	7.101656e-06	6.650979e-06
7.288213e-06	7.223214e-06	6.8952777e-06
7.33892e-06	7.3391734e-06	7.0610035e-06
7.523552e-06	7.544687e-06	7.271234e-06
7.6215197e-06	7.634248e-06	7.4347217e-06
7.975592e-06	7.798632e-06	7.6350325e-06
8.093605e-06	8.030599e-06	7.822018e-06
8.260457e-06	8.166338e-06	7.867139e-06
8.543397e-06	8.35123e-06	7.8725925e-06
8.818933e-06	8.373405e-06	7.916366e-06
8.884961e-06	8.602258e-06	8.107957e-06
9.128203e-06	8.80842e-06	8.288362e-06
9.2819955e-06	8.927649e-06	8.323021e-06
9.446636e-06	9.144272e-06	8.433182e-06
9.537459e-06	9.395467e-06	8.697788e-06
9.624495e-06	9.624781e-06	8.878431e-06
9.79868e-06	9.777563e-06	9.071928e-06
9.89941e-06	9.954239e-06	9.165982e-06
9.937481e-06	1.0074828e-05	9.281005e-06
1.0078986e-05	1.0304736e-05	9.434553e-06
1.0201395e-05	1.0456998e-05	9.680811e-06
1.0266576e-05	1.0638115e-05	9.967035e-06
1.0305878e-05	1.0847217e-05	1.0300838e-05
1.0547593e-05	1.0950473e-05	1.0362579e-05
1.0589318e-05	1.1138456e-05	1.0643726e-05
1.0763755e-05	1.1261116e-05	1.0742354e-05
1.082904e-05	1.1409762e-05	1.1055366e-05
1.0998265e-05	1.1526229e-05	1.119623e-05
1.1042236e-05	1.1711553e-05	1.1416905e-05
1.1217934e-05	1.1885029e-05	1.164737e-05
1.1428205e-05	1.2055675e-05	1.1782725e-05
1.1694453e-05	1.2116908e-05	1.1874944e-05
1.1813434e-05	1.2361133e-05	1.1999743e-05
1.1874015e-05	1.25789575e-05	1.2059444e-05
1.1887881e-05	1.27125595e-05	1.2130746e-05
1.1971709e-05	1.2905228e-05	1.2335696e-05
1.212326e-05	1.3019434e-05	1.2557166e-05
1.234811e-05	1.3190423e-05	1.27945905e-05
1.2308487e-05	1.3380698e-05	1.3000102e-05
1.2323514e-05	1.3471509e-05	1.3096812e-05
1.2553761e-05	1.3610756e-05	1.3218208e-05
1.2612664e-05	1.3772276e-05	1.3506843e-05
1.2864948e-05	1.4026888e-05	1.3532228e-05
1.3158512e-05	1.4201291e-05	1.3596189e-05
1.33e-05	1.435874e-05	1.3666391e-05
1.3477039e-05	1.459382e-05	1.3986575e-05
1.3523482e-05	1.4763997e-05	1.4088872e-05
1.3657589e-05	1.5006947e-05	1.4266537e-05
1.3819338e-05	1.50750775e-05	1.4455548e-05
1.4028022e-05	1.529893e-05	1.4592059e-05
1.4064435e-05	1.553402e-05	1.4853368e-05
1.4192999e-05	1.5781317e-05	1.5139682e-05
1.4309627e-05	1.6002947e-05	1.51499235e-05
1.4598928e-05	1.6324275e-05	1.5208461e-05
1.4660318e-05	1.6563983e-05	1.52535895e-05
1.4848816e-05	1.6815447e-05	1.5299594e-05
1.5143761e-05	1.7115162e-05	1.5627465e-05
1.5155696e-05	1.7313298e-05	1.586853e-05
1.5091058e-05	1.7470873e-05	1.6051337e-05
1.5173588e-05	1.770768e-05	1.6265256e-05
1.52473285e-05	1.7898039e-05	1.635293e-05
1.5376758e-05	1.7917742e-05	1.650573e-05
1.554132e-05	1.8066494e-05	1.6748705e-05
1.5746418e-05	1.8223234e-05	1.694869e-05
1.5882888e-05	1.8388e-05	1.685047e-05
1.605933e-05	1.8688545e-05	1.706211e-05
1.6337872e-05	1.881587e-05	1.7169727e-05
1.6601844e-05	1.9058845e-05	1.7383176e-05
1.6806905e-05	1.9296434e-05	1.7524266e-05
1.6895194e-05	1.954668e-05	1.770524e-05
1.6931468e-05	1.9713958e-05	1.7976698e-05
1.7208155e-05	1.9952793e-05	1.8277378e-05
1.7415972e-05	2.0143309e-05	1.843687e-05
1.761174e-05	2.0417021e-05	1.8789557e-05
1.7836803e-05	2.053617e-05	1.8828627e-05
1.7903405e-05	2.0777037e-05	1.9137666e-05
1.8126339e-05	2.0826004e-05	1.9172981e-05
1.8280269e-05	2.0844449e-05	1.9427782e-05
1.8493876e-05	2.102687e-05	1.9826026e-05
1.8674027e-05	2.1198091e-05	2.0002568e-05
1.8832538e-05	2.1194637e-05	2.0212074e-05
1.8833018e-05	2.1321122e-05	2.0059442e-05
1.895015e-05	2.1451679e-05	2.032095e-05
1.8996723e-05	2.1464422e-05	2.055647e-05
