6.3847216e-07	6.768763e-07	6.3812445e-07
1.2078692e-06	1.3439617e-06	1.3640763e-06
1.8346958e-06	2.037667e-06	2.007552e-06
2.4421993e-06	2.7840742e-06	2.7139158e-06
3.1355203e-06	3.4110376e-06	3.3587676e-06
3.7222555e-06	4.031716e-06	3.8338976e-06
4.4270637e-06	4.6931555e-06	4.494984e-06
5.266931e-06	5.3218337e-06	5.026133e-06
5.9315735e-06	5.779182e-06	5.5159576e-06
6.4694827e-06	6.626695e-06	6.1261944e-06
7.3195515e-06	7.167709e-06	6.6977286e-06
7.980613e-06	7.983617e-06	7.2549155e-06
8.603488e-06	8.372676e-06	7.95645e-06
9.332615e-06	9.200687e-06	8.82753e-06
9.939963e-06	9.817843e-06	9.426418e-06
1.0481633e-05	1.0369915e-05	1.0197672e-05
1.1269849e-05	1.1020396e-05	1.0768546e-05
1.1807078e-05	1.1631334e-05	1.1464042e-05
1.2477315e-05	1.2282953e-05	1.1919789e-05
1.3415649e-05	1.2991101e-05	1.27649055e-05
1.4153303e-05	1.3654226e-05	1.3548975e-05
1.48345325e-05	1.4190379e-05	1.3842891e-05
1.5341066e-05	1.5057025e-05	1.4328924e-05
1.6159323e-05	1.5777485e-05	1.510397e-05
1.671695e-05	1.6350836e-05	1.5605614e-05
1.7496468e-05	1.678906e-05	1.5847178e-05
1.810446e-05	1.741277e-05	1.6453596e-05
1.9019779e-05	1.8154096e-05	1.6965092e-05
1.9959567e-05	1.8605342e-05	1.74375e-05
2.040937e-05	1.9380352e-05	1.7927421e-05
2.1359538e-05	2.0004612e-05	1.8767127e-05
2.1889928e-05	2.0713396e-05	1.9580379e-05
2.2596436e-05	2.1605307e-05	2.015655e-05
2.3277336e-05	2.2441625e-05	2.0737898e-05
2.3792834e-05	2.2738714e-05	2.1391572e-05
2.4359548e-05	2.3286142e-05	2.207372e-05
2.4922994e-05	2.3942705e-05	2.2904374e-05
2.5692356e-05	2.4190986e-05	2.3390809e-05
2.6619527e-05	2.4987705e-05	2.3928555e-05
2.7252448e-05	2.5928119e-05	2.443137e-05
2.7700207e-05	2.6664127e-05	2.5383024e-05
2.8208213e-05	2.7421791e-05	2.6012322e-05
2.8464732e-05	2.8407036e-05	2.6601088e-05
2.9152645e-05	2.8893719e-05	2.7577367e-05
2.9355617e-05	2.935649e-05	2.8240578e-05
3.0094574e-05	3.0177454e-05	2.9081015e-05
3.0486399e-05	3.0535153e-05	2.9734336e-05
3.190131e-05	3.119435e-05	3.053581e-05
3.237285e-05	3.212081e-05	3.1285017e-05
3.30403e-05	3.2664324e-05	3.1465122e-05
3.4171488e-05	3.3404493e-05	3.1486856e-05
3.527344e-05	3.3493074e-05	3.1662385e-05
3.553796e-05	3.4407964e-05	3.2428758e-05
3.6510915e-05	3.5232948e-05	3.3150984e-05
3.712773e-05	3.5710127e-05	3.3288732e-05
3.7786544e-05	3.657647e-05	3.3729717e-05
3.8148835e-05	3.7581965e-05	3.4788565e-05
3.8497055e-05	3.8499733e-05	3.5510868e-05
3.9193965e-05	3.91104e-05	3.6285586e-05
3.9596096e-05	3.981553e-05	3.666317e-05
3.9748542e-05	4.0295618e-05	3.71241e-05
4.0313716e-05	4.121554e-05	3.7738933e-05
4.0803083e-05	4.1824653e-05	3.8724193e-05
4.106334e-05	4.254838e-05	3.986999e-05
4.122005e-05	4.3385622e-05	4.1204057e-05
4.218754e-05	4.3795557e-05	4.1452313e-05
4.2354397e-05	4.454556e-05	4.257712e-05
4.3053533e-05	4.5036533e-05	4.296987e-05
4.331399e-05	4.5632863e-05	4.421913e-05
4.3990687e-05	4.6098703e-05	4.4781194e-05
4.4165907e-05	4.6839024e-05	4.566397e-05
4.4868346e-05	4.7533205e-05	4.6585184e-05
4.5708875e-05	4.82155e-05	4.7126417e-05
4.6774458e-05	4.8460763e-05	4.7495025e-05
4.725119e-05	4.943755e-05	4.7993537e-05
4.7492038e-05	5.030892e-05	4.8233076e-05
4.7548103e-05	5.084344e-05	4.8518094e-05
4.788352e-05	5.16127e-05	4.9337687e-05
4.848871e-05	5.2070507e-05	5.0224666e-05
4.9387123e-05	5.275444e-05	5.117524e-05
4.9226983e-05	5.351513e-05	5.1997897e-05
4.9285994e-05	5.3878208e-05	5.2385447e-05
5.020783e-05	5.443525e-05	5.286932e-05
5.0443487e-05	5.5078814e-05	5.402499e-05
5.1453208e-05	5.6096993e-05	5.4126183e-05
5.2626805e-05	5.6794615e-05	5.438335e-05
5.3191656e-05	5.7425917e-05	5.466312e-05
5.390016e-05	5.8366397e-05	5.5942503e-05
5.4084645e-05	5.9045837e-05	5.635249e-05
5.46206e-05	6.0017683e-05	5.706342e-05
5.5266995e-05	6.0288254e-05	5.7818794e-05
5.6101107e-05	6.118184e-05	5.8365953e-05
5.624772e-05	6.2120744e-05	5.9411344e-05
5.6758294e-05	6.311026e-05	6.0556744e-05
5.7224064e-05	6.39958e-05	6.05992e-05
5.8382186e-05	6.5279244e-05	6.0834947e-05
5.8627615e-05	6.624017e-05	6.101587e-05
5.937995e-05	6.724628e-05	6.119932e-05
6.0560975e-05	6.844295e-05	6.250967e-05
6.0608174e-05	6.923716e-05	6.3473584e-05
6.035061e-05	6.9866095e-05	6.420459e-05
6.0679402e-05	7.081687e-05	6.505775e-05
6.0974682e-05	7.1578164e-05	6.540837e-05
6.149247e-05	7.165754e-05	6.602053e-05
6.21493e-05	7.225462e-05	6.699247e-05
6.297019e-05	7.288121e-05	6.779094e-05
6.351708e-05	7.3538686e-05	6.7400084e-05
6.4222295e-05	7.474093e-05	6.8246474e-05
6.533548e-05	7.5248616e-05	6.867812e-05
6.6392306e-05	7.62181e-05	6.953307e-05
6.7212335e-05	7.716766e-05	7.009699e-05
6.756486e-05	7.816988e-05	7.0818605e-05
6.770855e-05	7.884053e-05	7.190134e-05
6.88143e-05	7.979537e-05	7.310407e-05
6.964502e-05	8.0555976e-05	7.3742194e-05
7.0424365e-05	8.165206e-05	7.5154356e-05
7.1323695e-05	8.212777e-05	7.531107e-05
7.15888e-05	8.309385e-05	7.654654e-05
7.2478346e-05	8.32894e-05	7.668812e-05
7.309608e-05	8.336068e-05	7.770865e-05
7.395193e-05	8.409e-05	7.93011e-05
7.4670665e-05	8.477694e-05	8.000912e-05
7.530687e-05	8.475994e-05	8.084606e-05
7.530823e-05	8.526724e-05	8.0233454e-05
7.577627e-05	8.579033e-05	8.127925e-05
7.596385e-05	8.5840904e-05	8.222265e-05
