8e-08
1.5999997e-07
2.3999993e-07
3.2e-07
4.0000006e-07
4.800001e-07
5.6000016e-07
6.400002e-07
7.200003e-07
8.0000035e-07
8.800004e-07
9.600004e-07
1.0400005e-06
1.1200005e-06
1.2000006e-06
1.2800007e-06
1.3600007e-06
1.4400008e-06
1.5200009e-06
1.6000009e-06
1.680001e-06
1.760001e-06
1.8400011e-06
1.920001e-06
2.0000002e-06
2.0799994e-06
2.1599985e-06
2.2399977e-06
2.3199968e-06
2.399996e-06
2.4799951e-06
2.5599943e-06
2.6399935e-06
2.7199926e-06
2.7999918e-06
2.879991e-06
2.95999e-06
3.0399892e-06
3.1199884e-06
3.1999875e-06
3.2799867e-06
3.3599858e-06
3.439985e-06
3.5199841e-06
3.5999833e-06
3.6799825e-06
3.7599816e-06
3.8399808e-06
3.91998e-06
3.999979e-06
4.079978e-06
4.1599774e-06
4.2399765e-06
4.3199757e-06
4.399975e-06
4.479974e-06
4.559973e-06
4.6399723e-06
4.7199715e-06
4.7999706e-06
4.8799698e-06
4.959969e-06
5.039968e-06
5.119967e-06
5.1999664e-06
5.2799655e-06
5.3599647e-06
5.439964e-06
5.519963e-06
5.599962e-06
5.6799613e-06
5.7599605e-06
5.8399596e-06
5.9199588e-06
5.999958e-06
6.079957e-06
6.1599562e-06
6.2399554e-06
6.3199545e-06
6.3999537e-06
6.479953e-06
6.559952e-06
6.639951e-06
6.7199503e-06
6.7999495e-06
6.8799486e-06
6.9599478e-06
7.039947e-06
7.119946e-06
7.1999452e-06
7.2799444e-06
7.3599435e-06
7.4399427e-06
7.519942e-06
7.599941e-06
7.679941e-06
7.75994e-06
7.839939e-06
7.919938e-06
7.999937e-06
8.079936e-06
8.1599355e-06
8.239935e-06
8.319934e-06
8.399933e-06
8.479932e-06
8.559931e-06
8.6399305e-06
8.71993e-06
8.799929e-06
8.879928e-06
8.959927e-06
9.039926e-06
9.119925e-06
9.1999245e-06
9.279924e-06
9.359923e-06
9.439922e-06
9.519921e-06
9.59992e-06
9.6799195e-06
9.759919e-06
9.839918e-06
9.919917e-06
9.999916e-06
1.0079915e-05
